**
**   Template:  CONSTRAINED_DYNAMICS -> Constrained ring
**
*NODE
         1,  0.0            ,  0.0            ,  0.0            
         2,  0.0            ,  1000.0         ,  0.0            
         3,  1000.0         ,  0.0            ,  0.0            
         4,  0.0            ,  1300.0         ,  0.0            
         5,  -113.302465572 ,  1295.0531075193,  0.0            
         6,  113.30246557196,  1295.0531075193,  0.0            
         7,  -95.87131702242,  -1095.814167901,  0.0            
         8,  -104.5868912972,  -1195.43363771 ,  0.0            
         9,  -34.90166249173,  -1199.492340099,  0.0            
        10,  34.901662491742,  -1199.492340099,  0.0            
        11,  104.5868912972 ,  -1195.43363771 ,  0.0            
        12,  95.871317022431,  -1095.814167901,  0.0            
        13,  7.730704965E-12,  -1100.0        ,  0.0            
        14,  1095.8141679009,  -95.87131702241,  0.0            
        15,  1195.4336377101,  -104.5868912972,  0.0            
        16,  1199.4923400986,  -34.90166249173,  0.0            
        17,  1199.4923400986,  34.901662491738,  0.0            
        18,  1195.4336377101,  104.5868912972 ,  0.0            
        19,  1095.8141679009,  95.871317022436,  0.0            
        20,  1100.0         ,  2.273736754E-13,  0.0            
        21,  95.871317022424,  1095.8141679009,  0.0            
        22,  104.58689129719,  1195.4336377101,  0.0            
        23,  34.901662491734,  1199.4923400986,  0.0            
        24,  -34.90166249173,  1199.4923400986,  0.0            
        25,  -104.5868912972,  1195.4336377101,  0.0            
        26,  -95.87131702242,  1095.8141679009,  0.0            
        27,  2.273736754E-13,  1100.0         ,  0.0            
        28,  -1195.43363771 ,  104.58689129719,  0.0            
        29,  -1199.492340099,  34.90166249173 ,  0.0            
        30,  -1199.492340099,  -34.90166249174,  0.0            
        31,  -1195.43363771 ,  -104.5868912972,  0.0            
        32,  -1095.814167901,  -95.87131702243,  0.0            
        33,  -1100.0        ,  -3.63797881E-12,  0.0            
        34,  -1095.814167901,  95.87131702242 ,  0.0            
        35,  1071.8070712638,  247.44615977826,  0.0            
        36,  1026.9384691469,  394.20474449984,  0.0            
        37,  962.08167785333,  533.29058227098,  0.0            
        38,  878.49906105202,  661.99652546726,  0.0            
        39,  777.8174593052 ,  777.81745930521,  0.0            
        40,  661.99652546725,  878.49906105202,  0.0            
        41,  533.29058227097,  962.08167785334,  0.0            
        42,  394.20474449983,  1026.9384691469,  0.0            
        43,  247.44615977825,  1071.8070712638,  0.0            
        44,  -247.4461597782,  1071.8070712638,  0.0            
        45,  -394.2047444998,  1026.9384691469,  0.0            
        46,  -533.290582271 ,  962.08167785334,  0.0            
        47,  -661.9965254672,  878.49906105202,  0.0            
        48,  -777.8174593052,  777.8174593052 ,  0.0            
        49,  -878.499061052 ,  661.99652546725,  0.0            
        50,  -962.0816778533,  533.29058227097,  0.0            
        51,  -1026.938469147,  394.20474449983,  0.0            
        52,  -1071.807071264,  247.44615977825,  0.0            
        53,  -1071.807071264,  -247.4461597782,  0.0            
        54,  -1026.938469147,  -394.2047444998,  0.0            
        55,  -962.0816778533,  -533.290582271 ,  0.0            
        56,  -878.499061052 ,  -661.9965254672,  0.0            
        57,  -777.8174593052,  -777.8174593052,  0.0            
        58,  -661.9965254672,  -878.499061052 ,  0.0            
        59,  -533.290582271 ,  -962.0816778533,  0.0            
        60,  -394.2047444998,  -1026.938469147,  0.0            
        61,  -247.4461597782,  -1071.807071264,  0.0            
        62,  247.44615977826,  -1071.807071264,  0.0            
        63,  394.20474449984,  -1026.938469147,  0.0            
        64,  533.29058227098,  -962.0816778533,  0.0            
        65,  661.99652546726,  -878.499061052 ,  0.0            
        66,  777.81745930521,  -777.8174593052,  0.0            
        67,  878.49906105203,  -661.9965254672,  0.0            
        68,  962.08167785334,  -533.290582271 ,  0.0            
        69,  1026.9384691469,  -394.2047444998,  0.0            
        70,  1071.8070712638,  -247.4461597782,  0.0            
        71,  1000.0         ,  -2.27373675E-13,  0.0            
        72,  991.44486137381,  -130.52619222  ,  0.0            
        73,  965.92582628907,  -258.8190451025,  0.0            
        74,  923.87953251129,  -382.6834323651,  0.0            
        75,  866.02540378444,  -500.0         ,  0.0            
        76,  793.35334029124,  -608.7614290087,  0.0            
        77,  707.10678118655,  -707.1067811865,  0.0            
        78,  608.76142900872,  -793.3533402912,  0.0            
        79,  500.0          ,  -866.0254037844,  0.0            
        80,  382.68343236509,  -923.8795325113,  0.0            
        81,  258.81904510252,  -965.9258262891,  0.0            
        82,  130.52619222005,  -991.4448613738,  0.0            
        83,  -2.27373675E-13,  -1000.0        ,  0.0            
        84,  -130.52619222  ,  -991.4448613738,  0.0            
        85,  -258.8190451025,  -965.9258262891,  0.0            
        86,  -382.6834323651,  -923.8795325113,  0.0            
        87,  -500.0         ,  -866.0254037844,  0.0            
        88,  -608.7614290087,  -793.3533402912,  0.0            
        89,  -707.1067811865,  -707.1067811865,  0.0            
        90,  -793.3533402912,  -608.7614290087,  0.0            
        91,  -866.0254037844,  -500.0         ,  0.0            
        92,  -923.8795325113,  -382.6834323651,  0.0            
        93,  -965.9258262891,  -258.8190451025,  0.0            
        94,  -991.4448613738,  -130.52619222  ,  0.0            
        95,  -1000.0        ,  0.0            ,  0.0            
        96,  -991.4448613738,  130.52619222005,  0.0            
        97,  -965.9258262891,  258.81904510252,  0.0            
        98,  -923.8795325113,  382.68343236509,  0.0            
        99,  -866.0254037844,  500.0          ,  0.0            
       100,  -793.3533402912,  608.76142900872,  0.0            
       101,  -707.1067811865,  707.10678118655,  0.0            
       102,  -608.7614290087,  793.35334029124,  0.0            
       103,  -500.0         ,  866.02540378444,  0.0            
       104,  -382.6834323651,  923.87953251129,  0.0            
       105,  -258.8190451025,  965.92582628907,  0.0            
       106,  -130.52619222  ,  991.44486137381,  0.0            
       107,  1.136868377E-12,  1000.0         ,  0.0            
       108,  130.52619222005,  991.44486137381,  0.0            
       109,  258.81904510252,  965.92582628907,  0.0            
       110,  382.68343236509,  923.87953251129,  0.0            
       111,  500.0          ,  866.02540378444,  0.0            
       112,  608.76142900872,  793.35334029124,  0.0            
       113,  707.10678118655,  707.10678118655,  0.0            
       114,  793.35334029124,  608.76142900872,  0.0            
       115,  866.02540378444,  500.0          ,  0.0            
       116,  923.87953251129,  382.68343236509,  0.0            
       117,  965.92582628907,  258.81904510252,  0.0            
       118,  991.44486137381,  130.52619222005,  0.0            
*ELEMENT,TYPE=CTRIA
         1,         7,         8,         9
         2,        13,        10,        12
         3,         9,        10,        13
         4,        10,        11,        12
         5,         9,        13,         7
         6,        14,        15,        16
         7,        20,        17,        19
         8,        16,        17,        20
         9,        17,        18,        19
        10,        16,        20,        14
        11,        21,        22,        23
        12,        27,        24,        26
        13,        23,        24,        27
        14,        24,        25,        26
        15,        23,        27,        21
        16,        33,        30,        32
        17,        29,        30,        33
        18,        33,        34,        29
        19,        34,        28,        29
        20,        30,        31,        32
        21,        38,        39,       114
        22,       113,       114,        39
        23,       112,        39,        40
        24,       112,       113,        39
        25,       111,       112,        40
        26,       111,        40,        41
        27,       110,       111,        41
        28,       110,        41,        42
        29,       109,       110,        42
        30,       109,        42,        43
        31,       108,       109,        43
        32,       108,        43,        21
        33,       107,       108,        21
        34,       107,        21,        27
        35,       107,        27,        26
        36,       106,       107,        26
        37,       106,        26,        44
        38,       105,       106,        44
        39,       105,        44,        45
        40,       104,       105,        45
        41,       104,        45,        46
        42,       103,       104,        46
        43,       103,        46,        47
        44,       102,       103,        47
        45,       102,        47,        48
        46,       101,       102,        48
        47,       100,        48,        49
        48,       100,       101,        48
        49,        99,       100,        49
        50,        99,        49,        50
        51,        98,        99,        50
        52,        98,        50,        51
        53,        97,        98,        51
        54,        97,        51,        52
        55,        96,        97,        52
        56,        96,        52,        34
        57,        95,        96,        34
        58,        95,        34,        33
        59,        95,        33,        32
        60,        94,        95,        32
        61,        94,        32,        53
        62,        93,        94,        53
        63,        93,        53,        54
        64,        92,        93,        54
        65,        92,        54,        55
        66,        91,        92,        55
        67,        91,        55,        56
        68,        90,        91,        56
        69,        90,        56,        57
        70,        89,        90,        57
        71,        88,        57,        58
        72,        88,        89,        57
        73,        87,        88,        58
        74,        87,        58,        59
        75,        86,        87,        59
        76,        86,        59,        60
        77,        85,        86,        60
        78,        85,        60,        61
        79,        84,        85,        61
        80,        84,        61,         7
        81,        83,        84,         7
        82,        83,         7,        13
        83,        83,        13,        12
        84,        82,        83,        12
        85,        82,        12,        62
        86,        81,        82,        62
        87,        81,        62,        63
        88,        80,        81,        63
        89,        80,        63,        64
        90,        79,        80,        64
        91,        79,        64,        65
        92,        78,        79,        65
        93,        78,        65,        66
        94,        77,        78,        66
        95,        76,        66,        67
        96,        76,        77,        66
        97,        75,        76,        67
        98,        75,        67,        68
        99,        74,        75,        68
       100,        74,        68,        69
       101,        73,        74,        69
       102,        73,        69,        70
       103,        72,        73,        70
       104,        72,        70,        14
       105,        71,        72,        14
       106,        71,        14,        20
       107,        71,        20,        19
       108,       118,        71,        19
       109,       118,        19,        35
       110,       117,       118,        35
       111,       117,        35,        36
       112,       116,       117,        36
       113,       116,        36,        37
       114,       115,       116,        37
       115,        37,        38,       115
       116,       115,        38,       114
*****
