$ CORD2R, CID, RID, X0,Y0,Z0, XZ,YZ,ZZ, XX,YX,ZX
CORD2R, 0, , 0.0, 0.0, 0.0, 0.0, 0.0, 1.0, 1.0, 0.0, 0.0
CORD2R, 1, , 0.0, 0.0, 0.0, 0.0, 0.0, 1.0, 3.96633e-13, 1, 0.0 
CORD2R, 2, , 0.0, 0.0, 0.0, 0.0, 0.0, 1.0, 3.96633e-13, 1, 0.0 
CORD2R, 3, ,0.0, 0.0, 0.0, 0.0, 0.0, 1.0, 3.96633e-13, 1, 0.0 
CORD2R, 4, ,0.0, 0.0, 0.0, 0.0, 0.0, 1.0, 3.96633e-13, 1, 0.0 
CORD2R, 5, ,0.0, 0.0, 0.0, 0.0, 0.0, 1.0, 3.96633e-13, 1, 0.0 
CORD2R, 6, ,0.0, 0.0, 0.0, 0.0, 0.0, 1.0, 3.96633e-13, 1, 0.0 
CORD2R, 7, ,0.0, 0.0, 0.0, 0.0, 0.0, 1.0, 3.96633e-13, 1, 0.0 
CORD2R, 8, ,0.0, 0.0, 0.0, 0.0, 0.0, 1.0, 3.96633e-13, 1, 0.0 
CORD2R, 9, ,0.0, 0.0, 0.0, 0.0, 0.0, 1.0, 3.96633e-13, 1, 0.0 
CORD2R, 10, ,0.0, 0.0, 0.0, 0.0, 0.0, 1.0, 3.96633e-13, 1, 0.0 
CORD2R, 11, ,0.0, 0.0, 0.0, 0.0, 0.0, 1.0, 3.96633e-13, 1, 0.0 
CORD2R, 12, ,0.0, 0.0, 0.0, 0.0, 0.0, 1.0, 3.96633e-13, 1, 0.0 
CORD2R, 13, ,0.0, 0.0, 0.0, 0.0, 0.0, 1.0, 3.96633e-13, 1, 0.0 
$ GRID, ID, CID, X, Y, Z 
GRID, 0, 1, 0.000000, 0.000000, 0.0 
GRID, 1, 0, 1.000000, 0.000000, 0.0 
GRID, 2, 0, 2.000000, 0.000000, 0.0 
GRID, 3, 0, 1.000000, 1.000000, 0.0 
GRID, 4, 0, 3.000000, 0.000000, 0.0 
GRID, 5, 0, 4.000000, 0.000000, 0.0 
GRID, 6, 0, 3.000000, 1.000000, 0.0 
GRID, 7, 0, 2.000000, 2.000000, 0.0 
GRID, 8, 0, 5.000000, 0.000000, 0.0 
GRID, 9, 0, 6.000000, 0.000000, 0.0 
GRID, 10, 0, 5.000000, 1.000000, 0.0 
GRID, 11, 0, 4.000000, 2.000000, 0.0 
GRID, 12, 0, 6.000000, 2.000000, 0.0 
GRID, 13, 2, 12.000000, 0.000000, 0.0 
GRID, 14, 0, 11.000000, 0.000000, 0.0 
GRID, 15, 0, 10.000000, 0.000000, 0.0 
GRID, 16, 0, 11.000000, 1.000000, 0.0 
GRID, 17, 0, 9.000000, 0.000000, 0.0 
GRID, 18, 0, 8.000000, 0.000000, 0.0 
GRID, 19, 0, 9.000000, 1.000000, 0.0 
GRID, 20, 0, 10.000000, 2.000000, 0.0 
GRID, 21, 0, 7.000000, 0.000000, 0.0 
GRID, 22, 0, 7.000000, 1.000000, 0.0 
GRID, 23, 0, 8.000000, 2.000000, 0.0 
$ CROD, EID, PID, GRID1, GRID2
CROD, 0, 1, 0, 1
CROD, 1, 1, 1, 2
CROD, 2, 1, 1, 3
CROD, 3, 1, 0, 3
CROD, 4, 1, 3, 2
CROD, 5, 1, 2, 4
CROD, 6, 1, 4, 5
CROD, 7, 1, 4, 6
CROD, 8, 1, 2, 6
CROD, 9, 1, 6, 5
CROD, 10, 1, 3, 7
CROD, 11, 1, 2, 7
CROD, 12, 1, 7, 6
CROD, 13, 1, 5, 8
CROD, 14, 1, 8, 9
CROD, 15, 1, 8, 10
CROD, 16, 1, 5, 10
CROD, 17, 1, 10, 9
CROD, 18, 1, 5, 11
CROD, 19, 1, 11, 10
CROD, 20, 1, 7, 11
CROD, 21, 1, 11, 12
CROD, 22, 1, 13, 14
CROD, 23, 1, 14, 15
CROD, 24, 1, 14, 16
CROD, 25, 1, 13, 16
CROD, 26, 1, 16, 15
CROD, 27, 1, 15, 17
CROD, 28, 1, 17, 18
CROD, 29, 1, 17, 19
CROD, 30, 1, 15, 19
CROD, 31, 1, 19, 18
CROD, 32, 1, 16, 20
CROD, 33, 1, 15, 20
CROD, 34, 1, 20, 19
CROD, 35, 1, 18, 21
CROD, 36, 1, 21, 9
CROD, 37, 1, 21, 22
CROD, 38, 1, 18, 22
CROD, 39, 1, 22, 9
CROD, 40, 1, 18, 23
CROD, 41, 1, 23, 22
CROD, 42, 1, 20, 23
CROD, 43, 1, 23, 12
CROD, 44, 1, 9, 12
$ SPC1, SID, C, GRID
$ C = 12 or 1
SPC1, 1, 12, 0
SPC1, 1, 1, 13
$ CONM2, EID, GRID, CID, MASS VALUE 1.0, 0.0, 0.0
CONM2, 9, 9, 3, 100000.000000, 1.0, 0.0, 0.0 
CONM2, 1, 1, 4, 100000.000000, 1.0, 0.0, 0.0 
CONM2, 18, 18, 5, 100000.000000, 1.0, 0.0, 0.0 
CONM2, 2, 2, 6, 100000.000000, 1.0, 0.0, 0.0 
CONM2, 4, 4, 7, 100000.000000, 1.0, 0.0, 0.0 
CONM2, 21, 21, 8, 100000.000000, 1.0, 0.0, 0.0 
CONM2, 5, 5, 9, 100000.000000, 1.0, 0.0, 0.0 
CONM2, 8, 8, 10, 100000.000000, 1.0, 0.0, 0.0 
CONM2, 17, 17, 11, 100000.000000, 1.0, 0.0, 0.0 
CONM2, 15, 15, 12, 100000.000000, 1.0, 0.0, 0.0 
CONM2, 14, 14, 13, 100000.000000, 1.0, 0.0, 0.0 
$ PROD, PID, MID, AREA, , , NSM
PROD, 0, 0, 6014.000000
PROD, 1, 1, 6014.000000
$ MAT1, MID, E, G, NU, RHO
MAT1, 0, inf, inf, 3.300000e-01, 7.830000e-09
MAT1, 1, 2.070000e+05, 7.781955e+04, 3.300000e-01, 7.830000e-09
