$ CORD2R, CID, RID, X0,Y0,Z0, XZ,YZ,ZZ, XX,YX,ZX
CORD2R, 0, , 0.0, 0.0, 0.0, 0.0, 0.0, 1.0, 1.0, 0.0, 0.0
CORD2R, 1, , 0.0, 0.0, 0.0, 0.0, 0.0, 1.0, 3.96633e-13, 1, 0.0 
CORD2R, 2, , 0.0, 0.0, 0.0, 0.0, 0.0, 1.0, 3.96633e-13, 1, 0.0 
CORD2R, 3, ,0.0, 0.0, 0.0, 0.0, 0.0, 1.0, 3.96633e-13, 1, 0.0 
CORD2R, 4, ,0.0, 0.0, 0.0, 0.0, 0.0, 1.0, 3.96633e-13, 1, 0.0 
CORD2R, 5, ,0.0, 0.0, 0.0, 0.0, 0.0, 1.0, 3.96633e-13, 1, 0.0 
CORD2R, 6, ,0.0, 0.0, 0.0, 0.0, 0.0, 1.0, 3.96633e-13, 1, 0.0 
CORD2R, 7, ,0.0, 0.0, 0.0, 0.0, 0.0, 1.0, 3.96633e-13, 1, 0.0 
$ GRID, ID, CID, X, Y, Z 
GRID, 3, 0, -0.000000, -1.500000, 0.0 
GRID, 4, 0, -0.000000, 1.500000, 0.0 
GRID, 5, 0, -2.000000, 0.500000, 0.0 
GRID, 6, 0, -4.000000, -0.500000, 0.0 
GRID, 7, 2, 6.000000, -1.500000, 0.0 
GRID, 8, 0, 4.000000, -1.500000, 0.0 
GRID, 0, 1, -6.000000, -1.500000, 0.0 
GRID, 1, 0, -4.000000, -1.500000, 0.0 
GRID, 2, 0, -2.000000, -1.500000, 0.0 
GRID, 9, 0, 2.000000, -1.500000, 0.0 
GRID, 10, 0, 2.000000, 0.500000, 0.0 
GRID, 11, 0, 4.000000, -0.500000, 0.0 
$ CROD, EID, PID, GRID1, GRID2
CROD, 0, 1, 0, 1
CROD, 1, 1, 1, 2
CROD, 2, 1, 2, 3
CROD, 3, 1, 3, 4
CROD, 4, 1, 2, 5
CROD, 5, 1, 1, 6
CROD, 6, 1, 1, 5
CROD, 7, 1, 2, 4
CROD, 8, 1, 0, 6
CROD, 9, 1, 6, 5
CROD, 10, 1, 5, 4
CROD, 11, 1, 7, 8
CROD, 12, 1, 8, 9
CROD, 13, 1, 9, 3
CROD, 14, 1, 9, 10
CROD, 15, 1, 8, 11
CROD, 16, 1, 8, 10
CROD, 17, 1, 9, 4
CROD, 18, 1, 7, 11
CROD, 19, 1, 11, 10
CROD, 20, 1, 10, 4
$ SPC1, SID, C, GRID
$ C = 12 or 1
SPC1, 1, 12, 0
SPC1, 1, 1, 7
$ CONM2, SID, GRID, CID, VALUE, 1.0, 0.0, 0.0
CONM2, 4, 4, 3, 10000.000000, 1.0, 0.0, 0.0 
CONM2, 5, 5, 4, 10000.000000, 1.0, 0.0, 0.0 
CONM2, 6, 6, 5, 10000.000000, 1.0, 0.0, 0.0 
CONM2, 10, 10, 6, 10000.000000, 1.0, 0.0, 0.0 
CONM2, 11, 11, 7, 10000.000000, 1.0, 0.0, 0.0 
$ PROD, PID, MID, AREA, , , NSM
PROD, 0, 0, 6014.000000
PROD, 1, 1, 6014.000000
$ MAT1, MID, E, G, NU, RHO
MAT1, 0, inf, inf, 3.300000e-01, 7.830000e-09
MAT1, 1, 2.070000e+05, 7.781955e+04, 3.300000e-01, 7.830000e-09
