$ CORD2R, CID, RID, X0,Y0,Z0, XZ,YZ,ZZ, XX,YX,ZX
CORD2R, 0, , 0.0, 0.0, 0.0, 0.0, 0.0, 1.0, 1.0, 0.0, 0.0
CORD2R, 1, , 0.0, 0.0, 0.0, 0.0, 0.0, 1.0, 3.96633e-13, 1, 0.0 
CORD2R, 2, , 0.0, 0.0, 0.0, 0.0, 0.0, 1.0, 3.96633e-13, 1, 0.0 
CORD2R, 3, , 0.0, 0.0, 0.0, 0.0, 0.0, 1.0, 3.96633e-13, 1, 0.0 
CORD2R, 4, , 0.0, 0.0, 0.0, 0.0, 0.0, 1.0, 3.96633e-13, 1, 0.0 
CORD2R, 5, ,0.0, 0.0, 0.0, 0.0, 0.0, 1.0, 3.96633e-13, 1, 0.0 
CORD2R, 6, ,0.0, 0.0, 0.0, 0.0, 0.0, 1.0, 3.96633e-13, 1, 0.0 
CORD2R, 7, ,0.0, 0.0, 0.0, 0.0, 0.0, 1.0, 3.96633e-13, 1, 0.0 
CORD2R, 8, ,0.0, 0.0, 0.0, 0.0, 0.0, 1.0, 3.96633e-13, 1, 0.0 
CORD2R, 9, ,0.0, 0.0, 0.0, 0.0, 0.0, 1.0, 3.96633e-13, 1, 0.0 
CORD2R, 10, ,0.0, 0.0, 0.0, 0.0, 0.0, 1.0, 3.96633e-13, 1, 0.0 
CORD2R, 11, ,0.0, 0.0, 0.0, 0.0, 0.0, 1.0, 3.96633e-13, 1, 0.0 
CORD2R, 12, ,0.0, 0.0, 0.0, 0.0, 0.0, 1.0, 3.96633e-13, 1, 0.0 
CORD2R, 13, ,0.0, 0.0, 0.0, 0.0, 0.0, 1.0, 3.96633e-13, 1, 0.0 
CORD2R, 14, ,0.0, 0.0, 0.0, 0.0, 0.0, 1.0, 3.96633e-13, 1, 0.0 
CORD2R, 15, ,0.0, 0.0, 0.0, 0.0, 0.0, 1.0, 3.96633e-13, 1, 0.0 
CORD2R, 16, ,0.0, 0.0, 0.0, 0.0, 0.0, 1.0, 3.96633e-13, 1, 0.0 
CORD2R, 17, ,0.0, 0.0, 0.0, 0.0, 0.0, 1.0, 3.96633e-13, 1, 0.0 
CORD2R, 18, ,0.0, 0.0, 0.0, 0.0, 0.0, 1.0, 3.96633e-13, 1, 0.0 
$ GRID, ID, CID, X, Y, Z 
GRID, 0, 4, -6.000000, -1.750000, 0.0 
GRID, 4, 0, -0.000000, 1.250000, 0.0 
GRID, 12, 2, -7.000000, -1.750000, 0.0 
GRID, 15, 0, -4.000000, 0.094352, 0.0 
GRID, 17, 0, -2.000000, 0.978441, 0.0 
GRID, 18, 0, -3.032380, 0.609642, 0.0 
GRID, 19, 0, -5.084310, -0.750000, 0.0 
GRID, 22, 0, -1.009170, 1.181790, 0.0 
GRID, 1, 0, -0.000000, 1.750000, 0.0 
GRID, 3, 0, -0.504587, 1.750000, 0.0 
GRID, 14, 0, -1.504590, 1.750000, 0.0 
GRID, 13, 0, -2.516190, 1.750000, 0.0 
GRID, 5, 0, -6.000000, 1.750000, 0.0 
GRID, 23, 0, -6.000000, 0.000000, 0.0 
GRID, 24, 0, -6.000000, -0.875000, 0.0 
GRID, 25, 0, -5.542160, -1.250000, 0.0 
GRID, 11, 0, -3.516190, 1.750000, 0.0 
GRID, 29, 0, -6.000000, 0.875000, 0.0 
GRID, 10, 0, -5.172060, 1.750000, 0.0 
GRID, 20, 0, -4.344130, 1.750000, 0.0 
GRID, 2, 0, -4.542160, -0.327824, 0.0 
GRID, 9, 0, -5.271080, 0.273588, 0.0 
GRID, 26, 0, -5.000000, 0.922176, 0.0 
GRID, 27, 0, -4.172060, 0.922176, 0.0 
GRID, 6, 0, -7.000000, -0.875000, 0.0 
GRID, 7, 0, -7.000000, 0.000000, 0.0 
GRID, 8, 0, -7.000000, 0.875000, 0.0 
GRID, 16, 0, -7.000000, 1.750000, 0.0 
GRID, 21, 0, -6.500000, -0.875000, 0.0 
GRID, 28, 0, -6.500000, 0.000000, 0.0 
GRID, 30, 0, -6.500000, 0.875000, 0.0 
GRID, 31, 0, -6.500000, 1.750000, 0.0 
GRID, 32, 0, -9.000000, 0.094352, 0.0 
GRID, 33, 0, -9.967620, 0.609642, 0.0 
GRID, 34, 0, -11.000000, 0.978441, 0.0 
GRID, 35, 0, -11.990800, 1.181790, 0.0 
GRID, 36, 0, -13.000000, 1.250000, 0.0 
GRID, 37, 0, -13.000000, 1.750000, 0.0 
GRID, 38, 0, -12.495400, 1.750000, 0.0 
GRID, 39, 0, -11.495400, 1.750000, 0.0 
GRID, 40, 0, -10.483800, 1.750000, 0.0 
GRID, 41, 0, -7.915690, -0.750000, 0.0 
GRID, 42, 0, -7.457840, -1.250000, 0.0 
GRID, 43, 0, -9.483810, 1.750000, 0.0 
GRID, 44, 0, -7.827940, 1.750000, 0.0 
GRID, 45, 0, -8.655870, 1.750000, 0.0 
GRID, 46, 0, -8.457840, -0.327824, 0.0 
GRID, 47, 0, -7.728920, 0.273588, 0.0 
GRID, 48, 0, -8.000000, 0.922176, 0.0 
GRID, 49, 0, -8.827940, 0.922176, 0.0 
GRID, 50, 0, 13.000000, 1.250000, 0.0 
GRID, 51, 0, 13.000000, 1.750000, 0.0 
GRID, 52, 1, 7.000000, -1.750000, 0.0 
GRID, 53, 3, 6.000000, -1.750000, 0.0 
GRID, 54, 0, 9.000000, 0.094352, 0.0 
GRID, 55, 0, 9.967620, 0.609642, 0.0 
GRID, 56, 0, 11.000000, 0.978441, 0.0 
GRID, 57, 0, 11.990800, 1.181790, 0.0 
GRID, 58, 0, 12.495400, 1.750000, 0.0 
GRID, 59, 0, 11.495400, 1.750000, 0.0 
GRID, 60, 0, 10.483800, 1.750000, 0.0 
GRID, 61, 0, 7.915690, -0.750000, 0.0 
GRID, 62, 0, 7.000000, 0.000000, 0.0 
GRID, 63, 0, 7.000000, -0.875000, 0.0 
GRID, 64, 0, 7.457840, -1.250000, 0.0 
GRID, 65, 0, 9.483810, 1.750000, 0.0 
GRID, 66, 0, 7.000000, 0.875000, 0.0 
GRID, 67, 0, 7.000000, 1.750000, 0.0 
GRID, 68, 0, 7.827940, 1.750000, 0.0 
GRID, 69, 0, 8.655870, 1.750000, 0.0 
GRID, 70, 0, 8.457840, -0.327824, 0.0 
GRID, 71, 0, 7.728920, 0.273588, 0.0 
GRID, 72, 0, 8.000000, 0.922176, 0.0 
GRID, 73, 0, 8.827940, 0.922176, 0.0 
GRID, 74, 0, 6.000000, -0.875000, 0.0 
GRID, 75, 0, 6.000000, 0.000000, 0.0 
GRID, 76, 0, 6.000000, 0.875000, 0.0 
GRID, 77, 0, 6.000000, 1.750000, 0.0 
GRID, 78, 0, 6.500000, -0.875000, 0.0 
GRID, 79, 0, 6.500000, 0.000000, 0.0 
GRID, 80, 0, 6.500000, 0.875000, 0.0 
GRID, 81, 0, 6.500000, 1.750000, 0.0 
GRID, 82, 0, 4.000000, 0.094352, 0.0 
GRID, 83, 0, 3.032380, 0.609642, 0.0 
GRID, 84, 0, 2.000000, 0.978441, 0.0 
GRID, 85, 0, 1.009170, 1.181790, 0.0 
GRID, 86, 0, 0.504587, 1.750000, 0.0 
GRID, 87, 0, 1.504590, 1.750000, 0.0 
GRID, 88, 0, 2.516190, 1.750000, 0.0 
GRID, 89, 0, 5.084310, -0.750000, 0.0 
GRID, 90, 0, 5.542160, -1.250000, 0.0 
GRID, 91, 0, 3.516190, 1.750000, 0.0 
GRID, 92, 0, 5.172060, 1.750000, 0.0 
GRID, 93, 0, 4.344130, 1.750000, 0.0 
GRID, 94, 0, 4.542160, -0.327824, 0.0 
GRID, 95, 0, 5.271080, 0.273588, 0.0 
GRID, 96, 0, 5.000000, 0.922176, 0.0 
GRID, 97, 0, 4.172060, 0.922176, 0.0 
$ CROD, EID, PID, GRID1, GRID2
CROD, 22, 1, 0, 12
CROD, 30, 1, 15, 18
CROD, 14, 1, 22, 3
CROD, 32, 1, 18, 17
CROD, 0, 1, 4, 1
CROD, 35, 1, 17, 22
CROD, 36, 1, 22, 4
CROD, 2, 1, 1, 3
CROD, 15, 1, 3, 4
CROD, 10, 1, 3, 14
CROD, 16, 1, 17, 14
CROD, 17, 1, 14, 22
CROD, 9, 1, 14, 13
CROD, 18, 1, 18, 13
CROD, 19, 1, 13, 17
CROD, 25, 1, 19, 23
CROD, 3, 1, 0, 24
CROD, 27, 1, 24, 23
CROD, 26, 1, 0, 25
CROD, 28, 1, 25, 19
CROD, 31, 1, 24, 25
CROD, 33, 1, 24, 19
CROD, 8, 1, 13, 11
CROD, 41, 1, 18, 11
CROD, 42, 1, 11, 15
CROD, 24, 1, 23, 29
CROD, 47, 1, 29, 5
CROD, 12, 1, 5, 10
CROD, 20, 1, 10, 20
CROD, 38, 1, 20, 11
CROD, 6, 1, 19, 2
CROD, 7, 1, 2, 15
CROD, 13, 1, 29, 9
CROD, 23, 1, 9, 2
CROD, 29, 1, 23, 9
CROD, 34, 1, 9, 19
CROD, 1, 1, 15, 26
CROD, 37, 1, 26, 5
CROD, 39, 1, 29, 26
CROD, 43, 1, 26, 2
CROD, 44, 1, 26, 10
CROD, 45, 1, 26, 20
CROD, 46, 1, 26, 9
CROD, 40, 1, 15, 27
CROD, 48, 1, 27, 20
CROD, 49, 1, 26, 27
CROD, 50, 1, 27, 11
CROD, 4, 1, 12, 6
CROD, 5, 1, 6, 7
CROD, 11, 1, 7, 8
CROD, 21, 1, 8, 16
CROD, 51, 1, 6, 21
CROD, 55, 1, 21, 24
CROD, 52, 1, 7, 28
CROD, 56, 1, 28, 23
CROD, 53, 1, 8, 30
CROD, 57, 1, 30, 29
CROD, 54, 1, 16, 31
CROD, 58, 1, 31, 5
CROD, 59, 1, 8, 31
CROD, 60, 1, 31, 29
CROD, 61, 1, 7, 30
CROD, 62, 1, 30, 23
CROD, 63, 1, 6, 28
CROD, 64, 1, 28, 24
CROD, 65, 1, 12, 21
CROD, 66, 1, 21, 0
CROD, 67, 1, 32, 33
CROD, 68, 1, 33, 34
CROD, 69, 1, 34, 35
CROD, 70, 1, 35, 36
CROD, 71, 1, 36, 37
CROD, 72, 1, 37, 38
CROD, 73, 1, 35, 38
CROD, 74, 1, 38, 36
CROD, 75, 1, 38, 39
CROD, 76, 1, 34, 39
CROD, 77, 1, 39, 35
CROD, 78, 1, 39, 40
CROD, 79, 1, 33, 40
CROD, 80, 1, 40, 34
CROD, 81, 1, 41, 7
CROD, 82, 1, 12, 42
CROD, 83, 1, 42, 41
CROD, 84, 1, 6, 42
CROD, 85, 1, 6, 41
CROD, 86, 1, 40, 43
CROD, 87, 1, 33, 43
CROD, 88, 1, 43, 32
CROD, 89, 1, 16, 44
CROD, 90, 1, 44, 45
CROD, 91, 1, 45, 43
CROD, 92, 1, 41, 46
CROD, 93, 1, 46, 32
CROD, 94, 1, 8, 47
CROD, 95, 1, 47, 46
CROD, 96, 1, 7, 47
CROD, 97, 1, 47, 41
CROD, 98, 1, 32, 48
CROD, 99, 1, 48, 16
CROD, 100, 1, 8, 48
CROD, 101, 1, 48, 46
CROD, 102, 1, 48, 44
CROD, 103, 1, 48, 45
CROD, 104, 1, 48, 47
CROD, 105, 1, 32, 49
CROD, 106, 1, 49, 45
CROD, 107, 1, 48, 49
CROD, 108, 1, 49, 43
CROD, 109, 1, 50, 51
CROD, 110, 1, 52, 53
CROD, 111, 1, 54, 55
CROD, 112, 1, 55, 56
CROD, 113, 1, 56, 57
CROD, 114, 1, 51, 58
CROD, 115, 1, 57, 58
CROD, 116, 1, 58, 59
CROD, 117, 1, 56, 59
CROD, 118, 1, 59, 57
CROD, 119, 1, 59, 60
CROD, 120, 1, 55, 60
CROD, 121, 1, 60, 56
CROD, 122, 1, 61, 62
CROD, 123, 1, 52, 63
CROD, 124, 1, 63, 62
CROD, 125, 1, 52, 64
CROD, 126, 1, 64, 61
CROD, 127, 1, 63, 64
CROD, 128, 1, 63, 61
CROD, 129, 1, 60, 65
CROD, 130, 1, 55, 65
CROD, 131, 1, 65, 54
CROD, 132, 1, 62, 66
CROD, 133, 1, 66, 67
CROD, 134, 1, 67, 68
CROD, 135, 1, 68, 69
CROD, 136, 1, 69, 65
CROD, 137, 1, 61, 70
CROD, 138, 1, 70, 54
CROD, 139, 1, 66, 71
CROD, 140, 1, 71, 70
CROD, 141, 1, 62, 71
CROD, 142, 1, 71, 61
CROD, 143, 1, 54, 72
CROD, 144, 1, 72, 67
CROD, 145, 1, 66, 72
CROD, 146, 1, 72, 70
CROD, 147, 1, 72, 68
CROD, 148, 1, 72, 69
CROD, 149, 1, 72, 71
CROD, 150, 1, 54, 73
CROD, 151, 1, 73, 69
CROD, 152, 1, 72, 73
CROD, 153, 1, 73, 65
CROD, 154, 1, 53, 74
CROD, 155, 1, 74, 75
CROD, 156, 1, 75, 76
CROD, 157, 1, 76, 77
CROD, 158, 1, 74, 78
CROD, 159, 1, 78, 63
CROD, 160, 1, 75, 79
CROD, 161, 1, 79, 62
CROD, 162, 1, 76, 80
CROD, 163, 1, 80, 66
CROD, 164, 1, 77, 81
CROD, 165, 1, 81, 67
CROD, 166, 1, 76, 81
CROD, 167, 1, 81, 66
CROD, 168, 1, 75, 80
CROD, 169, 1, 80, 62
CROD, 170, 1, 74, 79
CROD, 171, 1, 79, 63
CROD, 172, 1, 53, 78
CROD, 173, 1, 78, 52
CROD, 174, 1, 82, 83
CROD, 175, 1, 83, 84
CROD, 176, 1, 84, 85
CROD, 177, 1, 85, 4
CROD, 178, 1, 1, 86
CROD, 179, 1, 85, 86
CROD, 180, 1, 86, 4
CROD, 181, 1, 86, 87
CROD, 182, 1, 84, 87
CROD, 183, 1, 87, 85
CROD, 184, 1, 87, 88
CROD, 185, 1, 83, 88
CROD, 186, 1, 88, 84
CROD, 187, 1, 89, 75
CROD, 188, 1, 53, 90
CROD, 189, 1, 90, 89
CROD, 190, 1, 74, 90
CROD, 191, 1, 74, 89
CROD, 192, 1, 88, 91
CROD, 193, 1, 83, 91
CROD, 194, 1, 91, 82
CROD, 195, 1, 77, 92
CROD, 196, 1, 92, 93
CROD, 197, 1, 93, 91
CROD, 198, 1, 89, 94
CROD, 199, 1, 94, 82
CROD, 200, 1, 76, 95
CROD, 201, 1, 95, 94
CROD, 202, 1, 75, 95
CROD, 203, 1, 95, 89
CROD, 204, 1, 82, 96
CROD, 205, 1, 96, 77
CROD, 206, 1, 76, 96
CROD, 207, 1, 96, 94
CROD, 208, 1, 96, 92
CROD, 209, 1, 96, 93
CROD, 210, 1, 96, 95
CROD, 211, 1, 82, 97
CROD, 212, 1, 97, 93
CROD, 213, 1, 96, 97
CROD, 214, 1, 97, 91
CROD, 215, 1, 57, 50
CROD, 216, 1, 58, 50
$ SPC1, SID, C, GRID
$ C = 12 or 1
SPC1, 1, 12, 52
SPC1, 1, 12, 12
SPC1, 1, 1, 53
SPC1, 1, 1, 0
$ CONM2, SID, GRID, CID, VALUE, 1.0, 0.0, 0.0
CONM2, 43, 43, 5, 2000.000000, 1.0, 0.0, 0.0 
CONM2, 3, 3, 6, 2000.000000, 1.0, 0.0, 0.0 
CONM2, 86, 86, 7, 2000.000000, 1.0, 0.0, 0.0 
CONM2, 88, 88, 8, 2000.000000, 1.0, 0.0, 0.0 
CONM2, 13, 13, 9, 2000.000000, 1.0, 0.0, 0.0 
CONM2, 44, 44, 10, 2000.000000, 1.0, 0.0, 0.0 
CONM2, 20, 20, 11, 2000.000000, 1.0, 0.0, 0.0 
CONM2, 39, 39, 12, 2000.000000, 1.0, 0.0, 0.0 
CONM2, 37, 37, 13, 2000.000000, 1.0, 0.0, 0.0 
CONM2, 93, 93, 14, 2000.000000, 1.0, 0.0, 0.0 
CONM2, 68, 68, 15, 2000.000000, 1.0, 0.0, 0.0 
CONM2, 65, 65, 16, 2000.000000, 1.0, 0.0, 0.0 
CONM2, 59, 59, 17, 2000.000000, 1.0, 0.0, 0.0 
CONM2, 51, 51, 18, 2000.000000, 1.0, 0.0, 0.0 
$ PROD, PID, MID, AREA, , , NSM
PROD, 0, 0, 6014.000000
PROD, 1, 1, 6014.000000
$ MAT1, MID, E, G, NU, RHO
MAT1, 0, inf, inf, 3.300000e-01, 7.830000e-09
MAT1, 1, 2.070000e+05, 7.781955e+04, 3.300000e-01, 7.830000e-09
