$ CORD2R, CID, RID, X0,Y0,Z0, XZ,YZ,ZZ, XX,YX,ZX
CORD2R, 0, , 0.0, 0.0, 0.0, 0.0, 0.0, 1.0, 1.0, 0.0, 0.0
CORD2R, 1, , 0.0, 0.0, 0.0, 0.0, 0.0, 1.0, 3.96633e-13, 1, 0.0 
CORD2R, 2, , 0.0, 0.0, 0.0, 0.0, 0.0, 1.0, 3.96633e-13, 1, 0.0 
CORD2R, 3, ,0.0, 0.0, 0.0, 0.0, 0.0, 1.0, 3.96633e-13, 1, 0.0 
CORD2R, 4, ,0.0, 0.0, 0.0, 0.0, 0.0, 1.0, 3.96633e-13, 1, 0.0 
CORD2R, 5, ,0.0, 0.0, 0.0, 0.0, 0.0, 1.0, 3.96633e-13, 1, 0.0 
CORD2R, 6, ,0.0, 0.0, 0.0, 0.0, 0.0, 1.0, 3.96633e-13, 1, 0.0 
CORD2R, 7, ,0.0, 0.0, 0.0, 0.0, 0.0, 1.0, 3.96633e-13, 1, 0.0 
$ GRID, ID, CID, X, Y, Z 
GRID, 0, 2, 0.000000, 0.000000, 0.0 
GRID, 1, 0, 2.000000, 0.000000, 0.0 
GRID, 2, 0, 4.000000, 0.000000, 0.0 
GRID, 3, 0, 6.000000, 0.000000, 0.0 
GRID, 4, 0, 8.000000, 0.000000, 0.0 
GRID, 5, 0, 10.000000, 0.000000, 0.0 
GRID, 6, 1, 12.000000, 0.000000, 0.0 
GRID, 7, 0, 0.000000, 1.500000, 0.0 
GRID, 8, 0, 2.000000, 2.000000, 0.0 
GRID, 9, 0, 4.000000, 2.500000, 0.0 
GRID, 10, 0, 6.000000, 3.000000, 0.0 
GRID, 11, 0, 12.000000, 1.500000, 0.0 
GRID, 12, 0, 10.000000, 2.000000, 0.0 
GRID, 13, 0, 8.000000, 2.500000, 0.0 
$ CROD, EID, PID, GRID1, GRID2
CROD, 0, 1, 0, 1
CROD, 1, 1, 1, 2
CROD, 2, 1, 2, 3
CROD, 3, 1, 3, 4
CROD, 4, 1, 4, 5
CROD, 5, 1, 5, 6
CROD, 6, 1, 0, 7
CROD, 7, 1, 7, 8
CROD, 8, 1, 1, 8
CROD, 9, 1, 2, 9
CROD, 10, 1, 3, 10
CROD, 11, 1, 7, 1
CROD, 12, 1, 1, 9
CROD, 13, 1, 9, 3
CROD, 14, 1, 6, 11
CROD, 15, 1, 11, 12
CROD, 16, 1, 5, 12
CROD, 17, 1, 4, 13
CROD, 18, 1, 11, 5
CROD, 19, 1, 5, 13
CROD, 20, 1, 13, 3
CROD, 21, 1, 8, 9
CROD, 22, 1, 9, 10
CROD, 23, 1, 10, 13
CROD, 24, 1, 13, 12
$ SPC1, SID, C, GRID
$ C = 12 or 1
SPC1, 1, 1, 6
SPC1, 1, 12, 0
$ CONM2, SID, GRID, CID, VALUE, 1.0, 0.0, 0.0
CONM2, 1, 1, 3, 10000.000000, 1.0, 0.0, 0.0 
CONM2, 2, 2, 4, 10000.000000, 1.0, 0.0, 0.0 
CONM2, 3, 3, 5, 10000.000000, 1.0, 0.0, 0.0 
CONM2, 4, 4, 6, 10000.000000, 1.0, 0.0, 0.0 
CONM2, 5, 5, 7, 10000.000000, 1.0, 0.0, 0.0 
$ PROD, PID, MID, AREA, , , NSM
PROD, 0, 0, 6014.000000
PROD, 1, 1, 6014.000000
$ MAT1, MID, E, G, NU, RHO
MAT1, 0, inf, inf, 3.300000e-01, 7.830000e-09
MAT1, 1, 2.070000e+05, 7.781955e+04, 3.300000e-01, 7.830000e-09
